99
6 2 0 2 0 2 0
3 1 0 2 0 0 0
145 57 0 17 0 71 0
58 29 0 6 0 23 0
829 387 0 373 0 69 0
749 341 0 41 0 367 0
801 376 0 359 0 66 0
6 3 0 2 0 1 0
904 349 0 175 0 380 0
320 133 0 110 0 77 0
230 135 0 17 0 78 0
968 422 0 275 0 271 0
812 286 0 388 0 138 0
408 193 0 144 0 71 0
432 15 0 203 0 214 0
172 51 0 74 0 47 0
266 84 0 104 0 78 0
109 18 0 38 0 53 0
999 1 0 499 0 499 0
1000 0 0 499 0 501 0
323 272 0 15 0 36 0
933 77 0 449 0 407 0
347 123 0 135 0 89 0
1000 333 0 333 0 334 0
109 50 0 29 0 30 0
537 324 0 203 0 10 0
4 1 0 2 0 1 0
779 229 0 348 0 202 0
764 451 0 210 0 103 0
714 201 0 324 0 189 0
5 3 0 0 0 2 0
1000 0 0 500 0 500 0
695 181 0 251 0 263 0
408 195 0 94 0 119 0
1000 250 0 500 0 250 0
831 237 0 393 0 201 0
624 43 0 152 0 429 0
393 190 0 11 0 192 0
4 2 0 1 0 1 0
6 3 0 0 0 3 0
78 32 0 20 0 26 0
702 146 0 275 0 281 0
6 0 0 3 0 3 0
546 214 0 148 0 184 0
268 41 0 115 0 112 0
276 155 0 69 0 52 0
788 121 0 394 0 273 0
867 280 0 342 0 245 0
118 35 0 51 0 32 0
994 403 0 386 0 205 0
20 4 0 6 0 10 0
4 0 0 3 0 1 0
870 368 0 368 0 134 0
728 232 0 182 0 314 0
295 38 0 128 0 129 0
538 198 0 255 0 85 0
3 3 0 0 0 0 0
54 27 0 23 0 4 0
895 17 0 860 0 18 0
5 1 0 3 0 1 0
934 162 0 449 0 323 0
4 1 0 1 0 2 0
289 56 0 129 0 104 0
855 344 0 253 0 258 0
7 3 0 2 0 2 0
3 1 0 1 0 1 0
852 283 0 322 0 247 0
3 0 0 2 0 1 0
999 250 0 500 0 249 0
788 683 0 2 0 103 0
673 265 0 214 0 194 0
517 154 0 55 0 308 0
787 332 0 131 0 324 0
657 253 0 91 0 313 0
508 96 0 239 0 173 0
520 156 0 106 0 258 0
999 500 0 499 0 0 0
5 2 0 1 0 2 0
174 79 0 26 0 69 0
296 122 0 46 0 128 0
999 250 0 499 0 250 0
697 272 0 347 0 78 0
235 51 0 76 0 108 0
4 2 0 0 0 2 0
343 56 0 59 0 228 0
999 333 0 333 0 333 0
27 9 0 7 0 11 0
309 94 0 61 0 154 0
4 0 0 2 0 2 0
660 257 0 163 0 240 0
951 265 0 354 0 332 0
284 137 0 22 0 125 0
1000 499 0 1 0 500 0
710 281 0 100 0 329 0
93 19 0 35 0 39 0
503 18 0 242 0 243 0
332 150 0 81 0 101 0
685 81 0 295 0 309 0
761 81 0 301 0 379 0
