99
2525 1
2400 5
300 2
120 60
60 90
818028315 1
415310394 4073
881851844 1
776985856 7566
747295803 1
398744905 5994
837060894 1
64530345 9554
259009146 1
144401865 8089
119016934 1
116485857 9122
131639814 1
18259411 5302
331484077 1
15594562 6955
330865464 1
302682293 7916
20729990 1
18924656 1294
261298325 1
227158267 2147
870545274 1
508338997 3301
825506595 1
589986299 6785
262657380 1
3685070 949
857244200 1
555323661 6500
465599168 2
85854327 7960
117888082 2186
103714316 1
62603621 8604
743228900 1
288397445 8354
73481803 1
70180508 995
508895579 1
235556531 9271
288766367 1
61303965 1119
408886593 1
146511154 1373
996996346 1
369108130 5501
676291423 1
509853932 2663
722024210 1
296144018 2179
1000000000 2
999999998 2
999999997 3
1000000000 2
999999999 2
999999998 3
260209201 1
68676782 5564
709775206 1
306182704 8837
200000 2
5001 1
5000 5
1000000000 1
1 1
614990777 1
445317346 7908
281667937 1
86738042 9370
701634422 1
496978791 641
871467793 1
493062786 5107
670607231 1
560712169 7576
90913882 1
72360418 8788
508601160 1
351646267 9010
511037218 1
141740030 3919
46335626 1
41617771 7885
1000000000 2
12345675 3
12345676 2
244958252 1
127175318 7199
1000000000 1
999999999 1
415108262 1
24658914 454
49182531 1
43647247 4022
767069264 1
633758724 3285
85496069 1
78072748 2438
2 1
1 1
1000000000 2
998000000 10000
999000000 10000
211460140 1
61982647 7393
928431295 1
395538891 9951
241095816 1
154189003 4080
67560590 1
43945293 2809
726160832 1
486957471 8346
457190165 1
371086940 1418
618724586 1
158602301 8825
929558206 1
913133277 4942
1000000000 2
2 2
1 3
95486049 1
82310764 4864
569197394 1
55056060 1920
626331822 1
447031033 6628
860227241 1
429229688 3278
522747572 1
493048311 6627
51615156 1
47891305 4012
708522690 1
527065245 353
233788474 1
193483973 1085
1000000000 1
1 10000
189089576 1
48217214 269
987433707 1
292802446 4430
428046748 1
116404465 8327
64622190 1
31854448 6657
621187447 1
520264532 3239
988690490 1
519517968 9738
1000000000 2
200 10000
100 10000
695991036 1
563105174 3853
942120382 1
923196127 5390
208322483 1
189224679 2053
2 1
1 10000
300190775 1
236417149 4970
858930808 1
371544234 8476
371491275 1
42757459 2412
182230473 1
69291131 9218
706777775 1
297530889 7564
73898306 1
40691982 8594
1000000000 2
999999997 2
999999996 3
759409436 1
564953803 3762
1000000000 2
998000000 1
999000000 1
1000000000 1
999999999 10000
680109996 1
83461084 3546
50359678 1
30251426 8737
498907540 1
379932064 4473
460080560 2
44916761 932
358661082 5419
626929403 1
356572149 7369
11908283 1
8861246 5374
490807756 1
215491013 6733
371564223 1
92287760 823
538565492 1
196422428 8179
