100
2 1
500 300
900
660
2 1
500 300
1500
809
2 2
50 100
450 449
1100 1101
2 1
500 300
300
500
1 8
10
11 13 17 11 16 14 12 18
1 8
6
12 54 42 18 54 12 28 49
2 1
4 4
8
8
2 8
110284 22102
974001 488037 627053 942586 999985 795393 976039 993957
747998 953135 648886 583992 607638 968279 979927 813830
2 8
8 2
8 72 8 8 8 8 72 8
2 22 2 2 2 22 2 2
1 6
8
6160 1600 8961 4639 726 6852
1 5
5
5 5 45 5 5
2 2
2 3
5280 4810
7805 6480
1 6
4
3038 3350 3202 2916 3462 3208
1 7
35359
796201 846201 623999 993502 84758 264068 893924
1 2
9
5820 22500
2 8
151234 29412
632854 792679 901519 973685 655846 946903 326435 994381
755281 859915 841627 952079 707139 572890 958387 925191
2 1
7 5
631
488
1 7
9
1884 1964 1669 1969 1800 1980 1980
1 8
4
6136 6214 5419 6553 6008 5400 6500 5996
1 3
1000000
899999 900000 900001
2 7
9751 95164
955443 892805 56226 881893 840959 786557 765859
750037 343397 856302 848107 580239 715257 513620
1 7
10
41 44 10 38 68 11 90
2 7
1 4
3 1 4 7 4 11 4
15 4 28 13 16 36 17
1 2
2
22 2
2 8
3 4
305 2970 1350 2239 6600 3973 1203 6122
1685 5408 434 3102 8195 3240 8800 2200
2 6
3 5
3 3 3 3 33 33
45 5 5 5 45 5
2 8
7 2
4620 630 2610 4900 1400 5191 3824 2070
850 1400 400 1021 1080 1459 545 220
2 8
5 10
4187 3500 1800 484 1000 2281 1580 3041
8296 6102 7000 4869 900 2000 4400 3142
1 5
10
17535 17538 18700 16451 17000
1 8
745240
947659 164722 905385 959959 994952 494279 993527 268657
2 3
9 6
6967 7029 5665
3911 4566 3834
2 1
3 3
270
330
2 2
88857 15667
492942 522723
993828 338653
2 2
6 8
66 6
72 8
2 8
2 2
4840 3613 400 642 5031 4200 540 3037
3518 3960 660 615 3012 400 4200 4816
2 4
5 8
3850 3724 3500 3151
5040 5600 5484 5608
2 3
10 4
22980 21717 20700
9192 10120 8423
2 4
3 1
7250 7200 7911 7920
2400 2468 2534 2160
2 8
2 6
15 17 18 6 10 16 15 18
48 41 50 18 44 66 66 30
2 1
10 4
18
8
1 4
7
2520 15991 728 13347
2 4
8 2
9590 8000 7920 7952
2420 2206 2052 2147
2 8
48179 184894
880466 828672 605717 904283 928915 493025 946923 972996
474646 991301 586547 926083 964018 510696 356313 982002
1 3
3
600 277 957
1 8
7
1353 3824 6160 2800 4548 3590 2310 713
1 3
10
19293 16200 17970
2 8
5 3
9900 9546 8288 8447 9413 8546 9020 8975
5385 5313 4860 5412 5631 5075 5688 5147
2 2
7 2
35 52
14 10
2 8
8 9
7920 7799 7920 6506 7207 7200 7200 7806
8100 8618 8100 7290 8002 8243 7290 7865
1 3
428509
932762 744303 452824
1 8
3
33 33 26 18 6 21 23 3
1 1
4
2535
2 1
6 8
3060
4116
2 5
4 7
6156 6472 6780 6819 6450
12872 11915 13167 12780 11865
1 2
2
3095 880
2 7
57929 327807
905036 189529 951935 465034 698561 107434 861126
957292 807010 901447 980392 924645 785859 374352
2 7
1 5
1044 1650 1682 200 2200 2196 1552
1000 4738 8202 8074 6750 11000 10807
2 5
6 5
11893 9000 8398 4992 7260
7078 10417 4336 4950 7500
2 8
6 4
1855 1980 1800 1732 1643 1632 1800 1620
1200 1302 1320 1317 1080 1200 1193 1196
2 1
4 6
1249
1885
2 8
10 2
11 90 29 55 76 50 55 60
11 2 10 22 15 12 6 10
2 2
4 1
733 402
99 194
2 8
7 8
5152 5390 4429 4410 5201 5096 4865 4893
5870 5722 6160 5189 5040 5320 5592 5560
2 5
5675 55615
818069 473643 833662 946983 796406
918704 833304 394100 906260 809936
1 5
235412
821398 999864 877680 675724 890597
2 6
6 9
19 12 13 18 12 66
18 26 81 27 18 19
2 6
8 9
18965 16632 18015 16702 18408 17246
22015 19605 20972 19473 20709 22869
2 1
236965 175941
971894
453673
1 8
10
2 1 6 7 4 5 3 8
2 1
424368 56462
201104
772844
1 4
9
11265 17820 21600 15049
2 7
6 2
3889 1320 652 2199 1800 3780 2898
830 1540 600 360 1222 988 208
2 8
4 4
5139 5038 5447 4738 5200 5592 5720 4923
5269 4804 5200 5413 5046 5376 5116 4680
2 2
8 5
19086 17365
11944 11888
2 3
6 4
66 24 11
8 36 15
2 5
3 4
9 6 3 33 20
27 13 4 36 8
2 4
9 1
24431 24631 24750 22500
2451 2728 2500 2250
1 1
9
21480
2 3
9 3
2700 945 1698
588 322 900
2 7
1 7
846 958 823 944 1001 970 897
6471 6857 6385 5733 5756 5738 6279
1 8
629245
883421 792513 684342 261403 697869 240114 366091 573070
2 8
9 3
11866 12573 12609 12620 13617 11595 12338 11340
4620 4489 4281 4122 4593 4191 4203 3859
1 7
9
81 81 59 17 18 38 9
2 4
27315 578987
992804 594127 928790 990883
977558 440178 922301 470303
2 8
7 6
9926 11900 5390 3463 19250 9820 1483 16268
8367 3780 2984 10200 13342 9096 13500 1103
1 3
2
5000 1529 1255
2 8
1 1
1000000 999999 999998 999997 999996 999995 999994 999993
999992 999991 999990 999989 999988 999987 999986 999985
2 7
2 3
1029 1320 180 418 568 1519 800
1200 593 330 1620 2141 854 1591
2 8
3 6
2640 2160 2578 2375 2311 2391 2626 2517
4460 5157 5252 4782 4320 4444 5280 4863
2 1
9 3
879
277
2 7
10 2
2700 4988 2133 5487 990 7259 4000
800 419 182 1132 1067 660 1400
2 3
7 5
4567 4168 3780
3129 2759 2826
2 4
375424 34215
874297 981975 554359 692376
767286 754580 518486 206197
2 6
5 1
4579 5296 4545 4784 5413 4980
996 1111 1096 955 1033 936
2 8
8 10
8 8 8 88 8 72 8 8
10 110 9 10 9 10 90 9
1 2
4
1800 2125
1 4
4
11 12 24 8
1 4
9
3275 900 2803 1893
2 8
6 5
4816 635 3300 4200 1819 1200 2223 3779
1506 3500 2708 1994 2250 4352 1000 536
2 3
2 4
600 209 440
426 1200 720
